[2, 1, 10, 3, 7, 8, 5, 6, 9, 4]
[6, 9, 2, 4, 1, 10, 3, 7, 8, 5]
[2, 4, 5, 6, 7, 8, 9, 0, 1, 3]
corretos:  0
mov:  0
[2, 3, 4, 5, 6, 7, 8, 9, 0, 1]
corretos:  0
mov:  1
[1, 2, 3, 4, 5, 6, 7, 8, 9, 0]
corretos:  0
mov:  2
[0, 1, 2, 3, 4, 5, 6, 7, 8, 9]
corretos:  0
mov:  3
[0, 1, 2, 3, 4, 5, 6, 7, 8, 9]
corretos:  0
mov:  4
[0, 1, 2, 3, 4, 5, 6, 7, 8, 9]
corretos:  0
mov:  5
[0, 1, 2, 3, 4, 5, 6, 7, 8, 9]
corretos:  0
mov:  6
[0, 1, 2, 3, 4, 5, 6, 7, 8, 9]
corretos:  0
mov:  7
[0, 1, 2, 3, 4, 5, 6, 7, 8, 9]
corretos:  0
mov:  8
[0, 1, 2, 3, 4, 5, 6, 7, 8, 9]
corretos:  0
mov:  9
