0	3
1	2
2	2
3	2
4	1
5	1
6	3
7	3
8	0
9	3
10	2
11	0
12	1
13	0
14	2
15	6
16	0
17	1
18	1
19	1
20	1
21	0
22	0
23	4
24	1
25	1
26	5
27	1
28	4
29	0
30	6
31	0
32	1
33	0
34	1
35	4
36	6
37	1
38	6
39	0
40	2
41	1
42	2
43	2
44	4
45	4
46	0
47	0
48	0
49	5
50	5
51	1
52	2
53	7
54	4
55	3
56	0
57	0
58	3
59	6
60	5
61	5
62	7
63	0
64	5
65	4
66	9
67	1
68	1
69	0
70	3
71	1
72	4
73	1
74	5
75	1
76	5
77	5
78	2
79	1
80	3
81	0
82	0
83	3
84	2
85	0
86	1
87	1
88	4
89	1
90	2
91	0
92	3
93	2
94	1
95	0
96	2
97	1
98	1
99	3
100	4
101	1
102	0
103	1
104	2
105	4
106	3
107	3
108	0
109	1
110	2
111	4
112	2
113	2
114	4
115	0
116	4
117	2
118	3
119	9
120	4
121	3
122	2
123	7
124	0
125	5
126	5
127	3
128	0
129	0
130	2
131	5
132	2
133	3
134	0
135	9
136	0
137	2
138	3
139	1
140	7
141	1
142	1
143	2
144	1
145	2
146	2
147	0
148	1
149	5
150	3
151	4
152	4
153	0
154	0
155	0
156	3
157	2
158	0
159	0
160	0
161	1
162	1
163	3
164	1
165	3
166	5
167	8
168	0
169	5
170	0
171	0
172	2
173	1
174	2
175	0
176	6
177	1
178	2
179	2
180	0
181	1
182	0
183	3
184	0
185	0
186	0
187	1
188	5
189	3
190	4
191	0
192	2
193	2
194	0
195	0
196	1
197	4
198	0
199	2
200	2
201	5
202	3
203	8
204	1
205	3
206	2
207	1
208	2
209	1
210	2
211	1
212	2
213	2
214	0
215	4
216	5
217	1
218	4
219	1
220	2
221	0
222	3
223	6
224	1
225	0
226	4
227	1
228	5
229	0
230	1
231	5
232	1
233	2
234	8
235	2
236	3
237	6
238	1
239	0
240	2
241	0
242	4
243	3
244	0
245	6
246	3
247	2
248	3
249	1
250	3
251	0
252	3
253	1
254	1
255	2
256	4
257	1
258	0
259	2
260	2
261	0
262	1
263	0
264	1
265	6
266	1
267	8
268	0
269	4
270	3
271	0
272	3
273	1
274	1
275	2
276	0
277	6
278	3
279	1
280	1
281	2
282	1
283	1
284	8
285	0
286	2
287	2
288	0
289	0
290	2
291	2
292	0
293	0
294	1
295	1
296	2
297	1
298	1
299	0
300	0
301	1
302	2
303	5
304	0
305	0
306	1
307	4
308	1
309	1
310	3
311	2
312	2
313	0
314	1
315	1
316	7
317	1
318	2
319	2
320	4
321	2
322	3
323	2
324	1
325	3
326	5
327	2
328	0
329	6
330	5
331	0
332	0
333	4
334	2
335	4
336	0
337	2
338	1
339	2
340	2
341	1
342	1
343	3
344	2
345	5
346	1
347	3
348	2
349	5
350	0
351	2
352	1
353	2
354	0
355	6
356	1
357	6
358	1
359	3
360	3
361	4
362	2
363	2
364	0
365	4
366	2
367	0
368	0
369	0
370	0
371	0
372	0
373	5
374	3
375	3
376	4
377	2
378	1
379	0
380	6
381	5
382	5
383	3
384	1
385	0
386	0
387	0
388	0
389	0
390	1
391	0
392	2
393	1
394	0
395	4
396	1
397	5
398	1
399	1
400	2
401	0
402	0
403	1
404	2
405	2
406	3
407	9
408	0
409	0
410	4
411	0
412	1
413	1
414	0
415	0
416	1
417	0
418	0
419	4
420	1
421	2
422	1
423	0
424	2
425	4
426	4
427	4
428	5
429	5
430	0
431	0
432	0
433	3
434	1
435	1
436	3
437	0
438	0
439	0
440	2
441	5
442	1
443	2
444	8
445	0
446	4
447	2
448	1
449	1
450	2
451	1
452	1
453	1
454	2
455	0
456	0
457	0
458	1
459	5
460	4
461	4
462	0
463	0
464	2
465	2
466	2
467	1
468	0
469	3
470	2
471	2
472	0
473	3
474	4
475	7
476	1
477	4
478	0
479	4
480	0
481	2
482	0
483	1
484	0
485	3
486	0
487	4
488	0
489	0
490	5
491	2
492	0
493	3
494	0
495	0
496	5
497	3
498	0
499	0
500	6
501	1
502	0
503	0
504	0
505	3
506	0
507	3
508	1
509	5
510	3
511	1
512	2
513	7
514	0
515	0
516	6
517	1
518	0
519	2
520	0
521	1
522	4
523	0
524	1
525	0
526	2
527	0
528	1
529	3
530	2
531	4
532	2
533	0
534	0
535	2
536	1
537	1
538	5
539	2
540	1
541	0
542	1
543	0
544	2
545	1
546	0
547	0
548	0
549	2
550	4
551	3
552	2
553	0
554	1
555	0
556	1
557	1
558	0
559	0
560	3
561	0
562	1
563	0
564	0
565	7
566	1
567	1
568	2
569	3
570	3
571	0
572	0
573	3
574	5
575	4
576	0
577	0
578	0
579	2
580	0
581	2
582	5
583	2
584	6
585	1
586	2
587	5
588	0
589	5
590	0
591	0
592	7
593	1
594	0
595	7
596	2
597	3
598	0
599	1
600	1
601	7
602	0
603	3
604	0
605	2
606	1
607	0
608	1
609	0
610	6
611	5
612	3
613	2
614	3
615	0
616	1
617	2
618	0
619	0
620	4
621	3
622	5
623	1
624	2
625	4
626	3
627	4
628	2
629	2
630	2
631	1
632	0
633	0
634	1
635	0
636	4
637	2
638	4
639	5
640	3
641	4
642	2
643	5
644	1
645	1
646	4
647	7
648	2
649	2
650	1
651	3
652	1
653	0
654	2
655	0
656	1
657	4
658	1
659	4
660	0
661	4
662	0
663	0
664	3
665	0
666	4
667	0
668	1
669	2
670	0
671	6
672	0
673	2
674	2
675	3
676	5
677	1
678	1
679	5
680	9
681	3
682	2
683	1
684	3
685	1
686	6
687	4
688	3
689	2
690	0
691	2
692	0
693	0
694	0
695	0
696	0
697	1
698	7
699	0
700	0
701	3
702	3
703	7
704	0
705	3
706	10
707	3
708	7
709	4
710	7
711	4
712	1
713	1
714	1
715	0
716	3
717	2
718	0
719	2
720	1
721	1
722	2
723	6
724	1
725	3
726	4
727	2
728	4
729	7
730	4
731	4
732	2
733	4
734	3
735	1
736	1
737	4
738	2
739	1
740	1
741	0
742	2
743	8
744	3
745	2
746	2
747	2
748	2
749	4
750	0
751	8
752	0
753	4
754	1
755	3
756	2
757	5
758	0
759	0
760	0
761	4
762	5
763	0
764	5
765	6
766	0
767	0
768	0
769	5
770	0
771	5
772	1
773	4
774	2
775	2
776	1
777	1
778	0
779	2
780	1
781	3
782	5
783	1
784	1
785	3
786	0
787	0
788	1
789	2
790	2
791	3
792	0
793	0
794	5
795	0
796	0
797	0
798	3
799	1
800	2
801	0
802	1
803	0
804	0
805	1
806	1
807	4
808	3
809	1
810	4
811	2
812	2
813	3
814	0
815	0
816	0
817	0
818	0
819	4
820	4
821	1
822	4
823	0
824	2
825	3
826	0
827	0
828	3
829	0
830	2
831	1
832	1
833	2
834	2
835	5
836	3
837	3
838	4
839	0
840	0
841	1
842	0
843	6
844	3
845	0
846	0
847	4
848	0
849	1
850	1
851	1
852	4
853	3
854	0
855	0
856	4
857	0
858	0
859	2
860	4
861	6
862	2
863	1
864	6
865	2
866	2
867	0
868	0
869	0
870	1
871	0
872	0
873	1
874	0
875	0
876	0
877	0
878	3
879	1
880	3
881	8
882	4
883	3
884	1
885	1
886	2
887	1
888	3
889	1
890	4
891	6
892	1
893	1
894	4
895	4
896	4
897	2
898	0
899	0
900	0
901	0
902	0
903	3
904	1
905	4
906	2
907	3
908	1
909	1
910	0
911	1
912	0
913	0
914	0
915	3
916	3
917	1
918	0
919	0
920	0
921	1
922	4
923	3
924	2
925	4
926	3
927	3
928	4
929	0
930	0
931	1
932	0
933	0
934	1
935	5
936	2
937	1
938	4
939	4
940	0
941	0
942	0
943	0
944	5
945	2
946	6
947	5
948	4
949	5
950	2
951	2
952	3
953	3
954	5
955	3
956	1
957	2
958	0
959	0
960	0
961	0
962	0
963	0
964	0
965	1
966	2
967	0
968	0
969	0
970	0
971	2
972	0
973	0
974	1
975	1
976	5
977	2
978	3
979	3
980	2
981	2
982	0
983	0
984	0
985	2
986	0
987	0
988	0
989	9
990	0
991	0
992	5
993	0
994	0
995	4
996	0
997	3
998	0
999	0
