10
2 6
4 5
6 6
5 5
5 6
7 9
7 8
6 8
3 5
3 3
5
1 6 2
2 7 3
3 8 2
4 9 1
5 10 2

5
220794527 672625003
417113228 785328967
339260153 346404227
196746118 259622871
49064605 472503199
3
15291656 228040983 2
206557258 812136914 2
4639723 995268883 1

1
484064061 559074635
6
258614477 432127554 832264770
460892853 955917250 994594170
406475166 734407404 603480058
48650976 836027047 549582500
501036778 634485305 401478743
250435050 689653055 874794393

1
3 3
3
2 2 10
4 5 12
1 1 5

3
1 2
1 2
1 2
2
1 2 2
1 2 2

3
1 3
2 4
3 5
2
1 3 2
2 5 1

5
276139667 276139667
649350960 699381779
711629163 711629163
711629163 711629163
479042169 577792509
3
439900587 817601793 2
711629163 711629163 2
276139667 276139667 1

5
803847463 819455436
642271203 699290674
405562755 495418686
621823697 775704727
790926266 810714681

3
439900587 817601793 1
781784306 918637098 2
215450925 711629163 2
