0 	0 1
1 	1 1
2 	1 2
3 	2 2
4 	3 2
5 	4 2
6 	5 2
7 	6 2
8 	6 3
9 	7 3
10 	8 3
11 	8 4
12 	8 5
13 	8 6
14 	9 6
15 	10 6
16 	10 7
17 	10 8
18 	11 8
19 	12 8
20 	13 8
21 	13 9
22 	14 9
23 	15 9
24 	15 10
25 	15 11
26 	16 11
27 	17 11
28 	18 11
29 	18 12
30 	18 13
31 	19 13
32 	20 13
33 	21 13
34 	22 13
35 	23 13
36 	23 14
37 	24 14
38 	25 14
39 	26 14
40 	26 15
41 	27 15
42 	27 16
43 	28 16
44 	29 16
45 	29 17
46 	30 17
47 	31 17
48 	32 17
49 	32 18
50 	32 19
51 	32 20
52 	32 21
53 	32 22
54 	32 23
55 	32 24
56 	33 24
57 	33 25
58 	34 25
59 	34 26
60 	35 26
61 	36 26
62 	36 27
63 	37 27
64 	37 28
65 	37 29
66 	38 29
67 	39 29
68 	40 29
69 	41 29
70 	42 29
71 	42 30
72 	42 31
73 	43 31
74 	43 32
75 	43 33
76 	44 33
77 	44 34
78 	44 35
79 	45 35
80 	46 35
81 	47 35
82 	47 36
83 	47 37
84 	48 37
85 	49 37
86 	49 38
87 	49 39
88 	50 39
89 	50 40
90 	50 41
91 	51 41
92 	51 42
93 	51 43
94 	51 44
95 	51 45
96 	51 46
97 	52 46
98 	53 46
99 	54 46
100 	55 46
101 	55 47
102 	56 47
103 	57 47
104 	57 48
105 	57 49
106 	57 50
107 	57 51
108 	57 52
109 	57 53
110 	58 53
111 	59 53
112 	60 53
113 	61 53
114 	62 53
115 	62 54
116 	63 54
117 	64 54
118 	64 55
119 	64 56
120 	65 56
121 	65 57
122 	65 58
123 	66 58
124 	67 58
125 	68 58
126 	69 58
127 	70 58
128 	70 59
129 	70 60
130 	71 60
131 	72 60
132 	72 61
133 	72 62
134 	73 62
135 	73 63
136 	73 64
137 	73 65
138 	74 65
139 	74 66
140 	75 66
141 	75 67
142 	76 67
143 	77 67
144 	77 68
145 	78 68
146 	78 69
147 	78 70
148 	78 71
149 	78 72
150 	79 72
151 	79 73
152 	80 73
153 	80 74
154 	80 75
155 	81 75
156 	81 76
157 	82 76
158 	83 76
159 	84 76
160 	85 76
161 	86 76
162 	86 77
163 	87 77
164 	88 77
165 	88 78
166 	88 79
167 	89 79
168 	90 79
169 	91 79
170 	91 80
171 	91 81
172 	91 82
173 	92 82
174 	92 83
175 	92 84
176 	93 84
177 	94 84
178 	94 85
179 	95 85
180 	96 85
181 	97 85
182 	98 85
183 	98 86
184 	99 86
185 	100 86
